100 100 90 0 #ef5350
240 100 100 15 #42a5f5
380 100 85 -20 #66bb6a
520 100 110 30 #ffa726
660 100 95 45 #ab47bc
800 100 100 -10 #26a69a
100 220 105 12 #ec407a
240 220 90 -35 #29b6f6
380 220 115 22 #8bc34a
520 220 100 0 #ffca28
660 220 90 33 #7e57c2
800 220 110 -18 #26c6da
100 340 95 -12 #ef9a9a
240 340 110 27 #64b5f6
380 340 100 0 #81c784
520 340 85 -25 #ffd54f
660 340 120 45 #ba68c8
800 340 90 18 #80cbc4
100 460 110 10 #f06292
240 460 95 -30 #4fc3f7
380 460 105 36 #9ccc65
520 460 100 0 #ffb74d
660 460 90 -15 #9575cd
800 460 115 28 #4db6ac
